Recipient_State_1,Total_Specialties_1,Total_Payments_1,Total_Claims_1,Recipient_State_2,Total_Specialties_2,Total_Payments_2,Total_Claims_2
NV,2,993905.0704,7104,NV,57,24603663,87109
ID,1,737756.4303,3104,ID,47,5583271.284,34404
NE,1,370689.6902,4194,NE,50,11231370.31,60699
UT,1,1343050.161,4808,UT,59,33278425.16,74779
ME,1,222838.28,1842,ME,48,5311950.262,20976
HI,2,322907.6897,2467,HI,48,4324190.289,44814
MN,1,1500979.031,2930,MN,55,55748985.95,49260
ND,1,89480.41006,630,ND,42,1730671.369,15149
IN,3,2562354.91,24391,IN,61,35265069.94,257382
NY,8,13253167.04,64911,NY,91,187650921,771462
RI,1,895337.4407,3754,RI,44,7898632.553,39228
NC,3,5026816.901,31166,NC,68,88515180.27,351013
MT,1,394575.1301,1117,MT,41,1984992.726,15183
AZ,3,3458037.759,20372,AZ,61,69105010.77,226863
AR,3,375220.1902,5517,AR,46,16181759.53,106441
CT,2,2364837.513,15989,CT,57,32173466.04,178621
IL,4,5059539.38,29215,IL,76,90428669.13,423062
GA,3,3939140.001,25932,GA,69,62779283.69,348202
PA,5,6701042.144,39578,PA,73,114318877.6,571428
WA,3,2095507.611,8660,WA,66,47795270.84,132715
MI,4,4504766.41,33147,MI,66,54858523.44,354992
FL,8,9121487.091,63455,FL,87,156550552,826449
KY,3,1749271.841,14134,KY,56,43837420.42,188105
DE,2,149524.9501,2052,DE,48,4024730.914,41449
TN,3,4155075.291,23280,TN,65,97476245.58,273870
NH,1,966500.0601,3059,NH,49,6066372.765,20479
MS,3,934246.2099,7840,MS,62,10709197.69,111169
TX,4,12200000.49,72166,TX,81,199966046.4,942737
NM,2,377257.9499,2050,NM,51,4309117.813,35651
OH,6,6450149.761,38095,OH,71,90174018.03,467923
WI,1,1047833.43,8201,WI,55,50327863.9,78714
SC,5,1475799.791,13097,SC,58,22990551.36,195391
CO,3,2009263.731,11870,CO,61,71519669.51,134034
LA,3,1316092.56,14864,LA,62,21859651.84,208860
MA,3,4063903.272,15584,MA,63,85213599.68,161673
OK,3,1176629.631,10887,OK,55,15637269.91,144558
MO,2,4632172.07,26557,MO,64,50604102.45,239221
OR,2,1002980.081,4841,OR,56,16450580.98,61676
NJ,5,3942495.42,33056,NJ,83,84213946.56,433475
KS,2,4325547.535,10344,KS,59,10075773.68,99734
VA,2,3211091.741,22479,VA,72,50618320.08,264966
CA,6,16736261.01,94543,CA,94,322915802.7,1088838
SD,1,246546.0997,1204,SD,42,4629960.674,18817
VT,1,333814.4799,431,VT,37,1558581.632,2242
WY,1,4879.909996,233,WY,34,2819147.093,7297
MD,4,2206338.281,18105,MD,62,49317306.67,227255
WV,1,649314.8301,4944,WV,49,6269667.342,78190
AK,1,32262.81995,522,AK,46,816229.8409,9394
AL,3,1378795.01,14669,AL,65,19580575.43,215801
IA,1,877923.4306,5029,IA,53,16858841.83,66906
